## Wavemaker parameter file. 
## PULPROG: noah3_SBD 

wu180C13:f2 
  cawurst-20(260 ppm, 0.5 ms)
  nuc = 13C 
  p90 =  11.000 us
  pl =   95.000000 W
  BF =  150.9028090 MHz
  ofs =  95.834205 ppm 

wudec:f2 
  cawurst_d-20(220 ppm, 1.4 ms)
  nuc = 13C 
  p90 =  11.000 us
  pl =   95.000000 W
  BF =  150.9028090 MHz
  ofs =  95.834205 ppm 

